{
    "camera_angle_x": 0.6911112070083618,
    "frames": [
        {
            "file_path": "00000",
            "rotation": 0.20218192040920258,
            "transform_matrix": [
                [
                    0.9796307682991028,
                    -0.1222003623843193,
                    0.1593443900346756,
                    0.3186887502670288
                ],
                [
                    0.20080728828907013,
                    0.5961498022079468,
                    -0.7773556709289551,
                    -1.5547112226486206
                ],
                [
                    2.19796341127676e-08,
                    0.7935190796852112,
                    0.6085454225540161,
                    1.2170908451080322
                ],
                [
                    0.0,
                    0.0,
                    0.0,
                    1.0
                ]
            ]
        },
        {
            "file_path": "00001",
            "rotation": -0.8321789503097534,
            "transform_matrix": [
                [
                    0.6732662320137024,
                    -0.2450380176305771,
                    -0.6976166367530823,
                    -1.3952332735061646
                ],
                [
                    -0.7394001483917236,
                    -0.2231212556362152,
                    -0.635219931602478,
                    -1.270439863204956
                ],
                [
                    -7.21390520652676e-08,
                    0.9434899687767029,
                    -0.33140116930007935,
                    -0.6628021001815796
                ],
                [
                    0.0,
                    0.0,
                    0.0,
                    1.0
                ]
            ]
        },
        {
            "file_path": "00002",
            "rotation": 0.8379719257354736,
            "transform_matrix": [
                [
                    0.6689716577529907,
                    0.12159374356269836,
                    0.7332747578620911,
                    1.4665495157241821
                ],
                [
                    0.7432879209518433,
                    -0.10943634063005447,
                    -0.6599596738815308,
                    -1.319919466972351
                ],
                [
                    -5.644603717769314e-08,
                    0.9865285754203796,
                    -0.1635889708995819,
                    -0.3271777629852295
                ],
                [
                    0.0,
                    0.0,
                    0.0,
                    1.0
                ]
            ]
        },
        {
            "file_path": "00003",
            "rotation": 1.7547918558120728,
            "transform_matrix": [
                [
                    -0.18295910954475403,
                    0.812200129032135,
                    0.5539466738700867,
                    1.1078935861587524
                ],
                [
                    0.9831205010414124,
                    0.15115082263946533,
                    0.1030895859003067,
                    0.20617927610874176
                ],
                [
                    -1.2898506440706115e-07,
                    0.5634575486183167,
                    -0.8261449933052063,
                    -1.652289867401123
                ],
                [
                    0.0,
                    0.0,
                    0.0,
                    1.0
                ]
            ]
        },
        {
            "file_path": "00004",
            "rotation": 0.3341904282569885,
            "transform_matrix": [
                [
                    -0.9446761608123779,
                    -0.24409528076648712,
                    -0.21909920871257782,
                    -0.4381982982158661
                ],
                [
                    -0.32800450921058655,
                    0.7030119299888611,
                    0.6310208439826965,
                    1.2620418071746826
                ],
                [
                    1.5099580252808664e-07,
                    0.6679758429527283,
                    -0.7441829442977905,
                    -1.4883657693862915
                ],
                [
                    0.0,
                    0.0,
                    0.0,
                    1.0
                ]
            ]
        },
        {
            "file_path": "00005",
            "rotation": -0.8457827568054199,
            "transform_matrix": [
                [
                    0.6631456017494202,
                    0.42296943068504333,
                    -0.6175230741500854,
                    -1.2350462675094604
                ],
                [
                    -0.7484904527664185,
                    0.37474125623703003,
                    -0.5471115708351135,
                    -1.094223141670227
                ],
                [
                    -9.693949465372498e-08,
                    0.8250247836112976,
                    0.5650965571403503,
                    1.1301928758621216
                ],
                [
                    0.0,
                    0.0,
                    0.0,
                    1.0
                ]
            ]
        },
        {
            "file_path": "00006",
            "rotation": 2.465134620666504,
            "transform_matrix": [
                [
                    -0.7797949910163879,
                    0.24949130415916443,
                    0.57417231798172,
                    1.14834463596344
                ],
                [
                    0.6260349750518799,
                    0.31076866388320923,
                    0.7151944041252136,
                    1.4303886890411377
                ],
                [
                    3.018928751430394e-08,
                    0.917156994342804,
                    -0.398526132106781,
                    -0.7970525026321411
                ],
                [
                    0.0,
                    0.0,
                    0.0,
                    1.0
                ]
            ]
        },
        {
            "file_path": "00007",
            "rotation": 1.628701090812683,
            "transform_matrix": [
                [
                    -0.057872410863637924,
                    0.6056458353996277,
                    0.7936270833015442,
                    1.5872544050216675
                ],
                [
                    0.9983239769935608,
                    0.0351090170443058,
                    0.046006228774785995,
                    0.0920124277472496
                ],
                [
                    1.502018243115799e-08,
                    0.7949594259262085,
                    -0.6066626310348511,
                    -1.2133249044418335
                ],
                [
                    0.0,
                    0.0,
                    0.0,
                    1.0
                ]
            ]
        },
        {
            "file_path": "00008",
            "rotation": 1.3340215682983398,
            "transform_matrix": [
                [
                    0.23456859588623047,
                    -0.7895559072494507,
                    0.5670793652534485,
                    1.1341586112976074
                ],
                [
                    0.9720995426177979,
                    0.19052058458328247,
                    -0.13683687150478363,
                    -0.2736736834049225
                ],
                [
                    6.976280531034718e-08,
                    0.5833552479743958,
                    0.812217116355896,
                    1.624434232711792
                ],
                [
                    0.0,
                    0.0,
                    0.0,
                    1.0
                ]
            ]
        },
        {
            "file_path": "00009",
            "rotation": -2.865201950073242,
            "transform_matrix": [
                [
                    -0.9620466232299805,
                    0.04973497986793518,
                    -0.2683145999908447,
                    -0.536629319190979
                ],
                [
                    -0.27288511395454407,
                    -0.17533916234970093,
                    0.9459333419799805,
                    1.8918665647506714
                ],
                [
                    -7.912380795005447e-08,
                    0.9832510352134705,
                    0.18225638568401337,
                    0.36451295018196106
                ],
                [
                    0.0,
                    0.0,
                    0.0,
                    1.0
                ]
            ]
        },
        {
            "file_path": "00010",
            "rotation": 1.9636509418487549,
            "transform_matrix": [
                [
                    -0.38282713294029236,
                    0.7805106043815613,
                    0.49421313405036926,
                    0.9884263873100281
                ],
                [
                    0.9238200187683105,
                    0.3234403431415558,
                    0.20479977130889893,
                    0.4095999002456665
                ],
                [
                    -7.658088918560679e-08,
                    0.5349668860435486,
                    -0.8448730111122131,
                    -1.6897461414337158
                ],
                [
                    0.0,
                    0.0,
                    0.0,
                    1.0
                ]
            ]
        },
        {
            "file_path": "00011",
            "rotation": -1.8277595043182373,
            "transform_matrix": [
                [
                    -0.2541446089744568,
                    0.32038047909736633,
                    -0.9125605821609497,
                    -1.8251211643218994
                ],
                [
                    -0.9671662449836731,
                    -0.08418715745210648,
                    0.2397957593202591,
                    0.47959157824516296
                ],
                [
                    -2.6987834189640125e-09,
                    0.943540632724762,
                    0.3312568664550781,
                    0.6625136733055115
                ],
                [
                    0.0,
                    0.0,
                    0.0,
                    1.0
                ]
            ]
        },
        {
            "file_path": "00012",
            "rotation": 2.260676383972168,
            "transform_matrix": [
                [
                    -0.6364446878433228,
                    -0.16353121399879456,
                    0.7537875771522522,
                    1.5075750350952148
                ],
                [
                    0.7713223695755005,
                    -0.1349351704120636,
                    0.6219761371612549,
                    1.2439523935317993
                ],
                [
                    -5.1573223913692345e-08,
                    0.9772666096687317,
                    0.21201404929161072,
                    0.4240281581878662
                ],
                [
                    0.0,
                    0.0,
                    0.0,
                    1.0
                ]
            ]
        },
        {
            "file_path": "00013",
            "rotation": -2.655041456222534,
            "transform_matrix": [
                [
                    -0.8839507102966309,
                    -0.13557584583759308,
                    -0.44749340415000916,
                    -0.8949869275093079
                ],
                [
                    -0.467580109834671,
                    0.25630369782447815,
                    0.8459771275520325,
                    1.6919543743133545
                ],
                [
                    1.5138347464471735e-07,
                    0.9570410847663879,
                    -0.2899523973464966,
                    -0.5799041986465454
                ],
                [
                    0.0,
                    0.0,
                    0.0,
                    1.0
                ]
            ]
        },
        {
            "file_path": "00014",
            "rotation": 2.292799949645996,
            "transform_matrix": [
                [
                    -0.6608896851539612,
                    -0.3055497705936432,
                    0.6854664087295532,
                    1.3709325790405273
                ],
                [
                    0.7504830360412598,
                    -0.2690732479095459,
                    0.6036346554756165,
                    1.2072691917419434
                ],
                [
                    2.2751643768970098e-07,
                    0.9133667945861816,
                    0.4071376621723175,
                    0.8142755031585693
                ],
                [
                    0.0,
                    0.0,
                    0.0,
                    1.0
                ]
            ]
        },
        {
            "file_path": "00015",
            "rotation": -1.175940990447998,
            "transform_matrix": [
                [
                    0.38467466831207275,
                    0.7983464598655701,
                    -0.46332308650016785,
                    -0.9266459941864014
                ],
                [
                    -0.9230522513389587,
                    0.3327045142650604,
                    -0.19308625161647797,
                    -0.3861725926399231
                ],
                [
                    -3.954529503857884e-08,
                    0.5019468069076538,
                    0.8648985028266907,
                    1.7297970056533813
                ],
                [
                    0.0,
                    0.0,
                    0.0,
                    1.0
                ]
            ]
        },
        {
            "file_path": "00016",
            "rotation": -0.7229265570640564,
            "transform_matrix": [
                [
                    -0.7498728036880493,
                    0.5737199783325195,
                    0.32944825291633606,
                    0.6588969230651855
                ],
                [
                    0.6615820527076721,
                    0.6502851247787476,
                    0.37341463565826416,
                    0.7468292713165283
                ],
                [
                    1.5099580252808664e-07,
                    0.4979705214500427,
                    -0.8671939373016357,
                    -1.7343878746032715
                ],
                [
                    0.0,
                    0.0,
                    0.0,
                    1.0
                ]
            ]
        },
        {
            "file_path": "00017",
            "rotation": 0.5876225233078003,
            "transform_matrix": [
                [
                    0.8322610855102539,
                    0.3567747473716736,
                    0.4243268668651581,
                    0.8486536741256714
                ],
                [
                    0.5543839335441589,
                    -0.5356031656265259,
                    -0.6370146870613098,
                    -1.2740297317504883
                ],
                [
                    3.3524269582585475e-08,
                    0.7654025554656982,
                    -0.6435518264770508,
                    -1.287103295326233
                ],
                [
                    0.0,
                    0.0,
                    0.0,
                    1.0
                ]
            ]
        },
        {
            "file_path": "00018",
            "rotation": 0.5658727884292603,
            "transform_matrix": [
                [
                    0.844120979309082,
                    0.49021798372268677,
                    0.217131569981575,
                    0.43426308035850525
                ],
                [
                    0.5361527800559998,
                    -0.7718011140823364,
                    -0.34185272455215454,
                    -0.6837054491043091
                ],
                [
                    3.32017151549735e-08,
                    0.40498074889183044,
                    -0.9143252372741699,
                    -1.8286503553390503
                ],
                [
                    0.0,
                    0.0,
                    0.0,
                    1.0
                ]
            ]
        },
        {
            "file_path": "00019",
            "rotation": -1.8172322511672974,
            "transform_matrix": [
                [
                    -0.24394911527633667,
                    -0.9398438334465027,
                    -0.2391284704208374,
                    -0.4782569408416748
                ],
                [
                    -0.9697880148887634,
                    0.23641659319400787,
                    0.06015283986926079,
                    0.12030496448278427
                ],
                [
                    -3.3180683089995e-07,
                    0.2465781718492508,
                    -0.9691228866577148,
                    -1.9382460117340088
                ],
                [
                    0.0,
                    0.0,
                    0.0,
                    1.0
                ]
            ]
        }
    ]
}